human12	0
marmosetNTIC01000002.1	0.2683865403116119	0
orangutan12	0.21575088739729964	0.23348777548018973	0
pig14	0.4403481030154921	0.37031835723684936	0.40449835790032396	0
cow17	0.47383145533157145	0.3789988168036005	0.42336315283137793	0.26000464432231596	0
pandaGL192354.1	0.45994272002476977	0.37162319064943106	0.40842391604834516	0.2854046642265544	0.20757909170324995	0
horse8	0.4613581325401126	0.370185662313536	0.40391228865568984	0.32230491081795365	0.22997136001238483	0.19220859641944865	0
rat12	0.49794875764378044	0.4092532593190539	0.43713025112514237	0.42870412349474196	0.31716298253955966	0.34439861554963347	0.3118994172481284	0
mouse5	0.5024382692158835	0.406311855185607	0.44480444085676685	0.40439883670783894	0.2955337100394767	0.3253016045027811	0.3160350756913959	0.19768226200612604	0
gibbon10	0.9851271106786239	0.9993807570245375	0.9485033118441277	0.9993807570245375	0.9993807570245375	0.9986730507668661	0.9993807570245375	0.992469563101965	0.9993807570245375	0
platypus2	0.48072053343359167	0.3915274291464399	0.4198356794532969	0.39122886556898473	0.2788583813430938	0.29321154888149237	0.3133369455840236	0.3092012871407561	0.2888326164121504	1.0	0
	human12	marmosetNTIC01000002.1	orangutan12	pig14	cow17	pandaGL192354.1	horse8	rat12	mouse5	gibbon10	platypus2
